-1.137420581476727283e-02
-1.140928221904099864e-02
-1.140270825999959055e-02
-1.135455723236824220e-02
-1.127554152717892728e-02
-1.117813643152130824e-02
-1.107576037263289376e-02
-1.098155843064361516e-02
-1.090333944851543634e-02
-1.083841361707378083e-02
-1.077635300246670806e-02
-1.070979359271125725e-02
-1.064407658578127996e-02
-1.059843425386820283e-02
-1.059908848885360647e-02
-1.066698628838877450e-02
-1.080651812891832500e-02
-1.100494510047889118e-02
-1.124082359073727382e-02
-1.149092475001220297e-02
-1.173238286487171891e-02
-1.194328261373792804e-02
-1.210320827732725910e-02
-1.219414111530437057e-02
-1.220490154458621530e-02
-1.213947929168968966e-02
-1.201764169361821573e-02
-1.186062963546148132e-02
-1.167992288291641936e-02
-1.148249517291043999e-02
-1.127789307339994995e-02
-1.107641559287096678e-02
-1.088813324508786963e-02
-1.072562246961950363e-02
-1.060212183590454604e-02
-1.052694518703724269e-02
-1.050498786051166401e-02
-1.053878664709386945e-02
-1.062913559391843836e-02
-1.077440490096977059e-02
-1.097011078912337248e-02
-1.120759956726746949e-02
-1.146934515264533792e-02
-1.172446208970183423e-02
-1.193609462917281407e-02
-1.208032792314206114e-02
-1.215414976554877839e-02
-1.216350803467044182e-02
-1.211019233786921057e-02
-1.199390246161267416e-02
-1.182675841683555711e-02
-1.164041541364714202e-02
-1.147206077373769811e-02
-1.134641490039481337e-02
-1.127334904513293407e-02
-1.125471131822429645e-02
-1.128870366979175220e-02
-1.137100343141357953e-02
-1.149602609048859352e-02
-1.165910298439329883e-02
-1.185777166291502108e-02
-1.208998176849715271e-02
-1.234988556518414916e-02
-1.262615468324512075e-02
-1.290503165620984251e-02
-1.317348980199568691e-02
-1.341910006291048910e-02
-1.362853613707124684e-02
-1.378815300058377526e-02
-1.388739564319237466e-02
-1.392105162802385540e-02
-1.388794043724146665e-02
-1.379061864167818209e-02
-1.364054395271177555e-02
-1.346278894383665450e-02
-1.328839285150036804e-02
-1.313890930523874817e-02
-1.302197520811649786e-02
-1.293975169469705443e-02
-1.289650031102819970e-02
-1.289860970756985352e-02
-1.295091824801714031e-02
-1.305521165501808377e-02
-1.321147333940678181e-02
-1.341687021147945288e-02
-1.366016630776141841e-02
-1.391890100957967821e-02
-1.416699762845877002e-02
-1.438503460050702225e-02
-1.456136646026580904e-02
-1.468689937887062216e-02
-1.475214795463838761e-02
-1.475016947018025631e-02
-1.468257713962029150e-02
-1.456133906347687086e-02
-1.440577153375455569e-02
-1.424203100115503488e-02
-1.410542840539139552e-02
-1.403495321555958686e-02
-1.405537339066736773e-02
-1.416380182592734578e-02
-1.433608235370183170e-02
-1.454192353373738936e-02
-1.475383901794085489e-02
-1.494976662548602730e-02
-1.511285509973950107e-02
-1.522963352239992130e-02
-1.529059658696590995e-02
-1.529417180084937516e-02
-1.524705732932271456e-02
-1.515954098961153768e-02
-1.504168831167927017e-02
-1.490180317489992953e-02
-1.474661251678248408e-02
-1.458350296516199192e-02
-1.442268135791553371e-02
-1.427707892377786010e-02
-1.416053212176067271e-02
-1.408622692470318238e-02
-1.406633624423459655e-02
-1.411065473718813544e-02
-1.422186121097252648e-02
-1.439108576747300493e-02
-1.460068473366373139e-02
-1.483284035750480866e-02
-1.507567379390779144e-02
-1.532148865054384218e-02
-1.555682276640477091e-02
-1.575520582145755258e-02
-1.588836721695758084e-02
-1.594516611426990277e-02
-1.593260527930835668e-02
-1.586320852276365198e-02
-1.574709878434990898e-02
-1.559181389301455070e-02
-1.540501327470612629e-02
-1.519754578266664657e-02
-1.498757578254860875e-02
-1.480554594365278941e-02
-1.469185087555829883e-02
-1.467817361872941935e-02
-1.476706896820312309e-02
-1.493559351292424002e-02
-1.515534267491265748e-02
-1.540396631004726374e-02
-1.566408696976662185e-02
-1.591955012455895102e-02
-1.615562684487504078e-02
-1.636099184066435244e-02
-1.652700845060117024e-02
-1.664495374518371387e-02
-1.670437528999124677e-02
-1.669706375072794666e-02
-1.662645388247789915e-02
-1.650989223830667471e-02
-1.636814216818301831e-02
-1.621541826485580970e-02
-1.605804762078109557e-02
-1.589691352415165473e-02
-1.573030673170744409e-02
-1.555810348632466478e-02
-1.538573884033639025e-02
-1.522424867797037007e-02
-1.508692241178507566e-02
-1.498587854990437486e-02
-1.492968106285157311e-02
-1.492328104793460945e-02
-1.497088441360937619e-02
-1.507789423806503437e-02
-1.524676967212011854e-02
-1.546804538181888698e-02
-1.571827240405073919e-02
-1.597114885303395002e-02
-1.620785454494848982e-02
-1.641542299297808413e-02
-1.658069011795767003e-02
-1.668933304462685147e-02
-1.673035008726385039e-02
-1.670026693430407688e-02
-1.660322144108259887e-02
-1.644967652008290718e-02
-1.625686726347066319e-02
-1.604803989701452868e-02
-1.584756868867203544e-02
-1.567662788703790347e-02
-1.555449838482490278e-02
-1.550154608133412840e-02
-1.553446525763705482e-02
-1.565332887453109792e-02
-1.583846925204244679e-02
-1.606516695686395838e-02
-1.631525236221492356e-02
-1.657616288254745371e-02
-1.683880713172574567e-02
-1.709645922475671112e-02
-1.734085651041090970e-02
-1.755932893844142431e-02
-1.773620543599067900e-02
-1.785630217965909761e-02
-1.790913578495077416e-02
-1.789300221653950668e-02
-1.781504120107103156e-02
-1.768631085641338488e-02
-1.751748715092400766e-02
-1.731980838464278541e-02
-1.711038364039249235e-02
-1.691415743164476071e-02
-1.675387519372187675e-02
-1.663713195024252994e-02
-1.655770689740088814e-02
-1.650744004895284001e-02
-1.648397838096364587e-02
-1.649019258770319588e-02
-1.653018807717659272e-02
-1.660720307523308459e-02
-1.672427129504192728e-02
-1.688413054252295431e-02
-1.708538251474303951e-02
-1.731811027000919670e-02
-1.756550293989618539e-02
-1.781044632942569567e-02
-1.803960844213716233e-02
-1.824262320701922416e-02
-1.840878175840759967e-02
-1.852531778281812230e-02
-1.858116553765232909e-02
-1.857248114310046383e-02
-1.850329593322911845e-02
-1.838328638513056154e-02
-1.822753284557636008e-02
-1.805656347714659424e-02
-1.789237265713896144e-02
-1.775285488051236288e-02
-1.765104536862650841e-02
-1.759786362751127042e-02
-1.760111278284900646e-02
-1.765951532422421061e-02
-1.775973659071067301e-02
-1.788205200605513800e-02
-1.800968929789415959e-02
-1.813463428582763604e-02
-1.825707603270142199e-02
-1.837991645738184729e-02
-1.850378218216813461e-02
-1.862678615164648985e-02
-1.874697552546045892e-02
-1.886222879664223306e-02
-1.896663809539666720e-02
-1.904917590901882354e-02
-1.909833322112103327e-02
-1.910652140630929655e-02
-1.906998382930179953e-02
-1.898853126234718858e-02
-1.886621107319012836e-02
-1.871100352841139139e-02
-1.853458315667010428e-02
-1.835214437014250424e-02
-1.818129494958225026e-02
-1.804035436812091026e-02
-1.794521147633294095e-02
-1.790447192709858706e-02
-1.791749436405586787e-02
-1.797958032944284995e-02
-1.808998336874570456e-02
-1.825286948231737497e-02
-1.846567576309542796e-02
-1.870463503739868555e-02
-1.892972913808955299e-02
-1.910792756852606675e-02
-1.922457236250462928e-02
-1.927523099347690574e-02
-1.925675552608757321e-02
-1.916810320296601089e-02
-1.901696379064481135e-02
-1.882266327161000175e-02
-1.861130335022779039e-02
-1.840843850598791742e-02
-1.823399884519449551e-02
-1.809956552388625878e-02
-1.800915454435795746e-02
-1.796480693643385390e-02
-1.797316649585274997e-02
-1.804574987928994970e-02
-1.818890961971965717e-02
-1.839150216203971899e-02
-1.862723549733412767e-02
-1.886983849948998399e-02
-1.910112469445329059e-02
-1.930976958558686465e-02
-1.948960265642069034e-02
-1.963688235961861747e-02
-1.974692264036117736e-02
-1.981423843696248493e-02
-1.983507709421147847e-02
-1.980890858851629480e-02
-1.973855114168669364e-02
-1.962941969590276114e-02
-1.948785413375893338e-02
-1.932005310712461149e-02
-1.913341213798015750e-02
-1.893900441311882274e-02
-1.875266376484219927e-02
-1.859303867790745163e-02
-1.847713161016608513e-02
-1.841857923206671049e-02
-1.843162050716734210e-02
-1.853220118129251387e-02
-1.872335348403539323e-02
-1.897099687050258707e-02
-1.920720068618390203e-02
-1.937249709700117686e-02
-1.944570248831123047e-02
-1.943445903884922360e-02
-1.935619063381051677e-02
-1.923019048585629387e-02
-1.907639523183879068e-02
-1.891405218561479848e-02
-1.875894498033521540e-02
-1.861975403387355552e-02
-1.849650662298849002e-02
-1.838397315343049190e-02
-1.827697224470143517e-02
-1.817265789212999319e-02
-1.807012934566024423e-02
-1.797149169701781762e-02
-1.788504438776107597e-02
-1.782493397875996310e-02
-1.780421566469966854e-02
-1.782881002955772828e-02
-1.789813117793066094e-02
-1.800761020640223933e-02
-1.814888940269528822e-02
-1.830938821295564206e-02
-1.847388876013864381e-02
-1.862699959189432694e-02
-1.875266579662441396e-02
-1.883156712571515748e-02
-1.884326283805104821e-02
-1.877697484957412469e-02
-1.864260625602446111e-02
-1.846916416032153355e-02
-1.829335582802817453e-02
-1.815028123185896680e-02
-1.806688988847370697e-02
-1.805473573400862702e-02
-1.810880103090178883e-02
-1.821634142300863207e-02
-1.836604105288222946e-02
-1.855129526790111338e-02
-1.876862595047147642e-02
-1.900988338033266639e-02
-1.925312821227901511e-02
-1.946440912899802603e-02
-1.960985607861001970e-02
-1.966582991136361577e-02
-1.962410653454283241e-02
-1.949471758092635731e-02
-1.930277976333581724e-02
-1.907870443176663475e-02
-1.885086996888005531e-02
-1.864576443665003080e-02
-1.848875788730911657e-02
-1.839749829516381871e-02
-1.837365421188677170e-02
-1.840587336411997690e-02
-1.848159725767140049e-02
-1.859608884235821463e-02
-1.875337500791839779e-02
-1.895737961040525749e-02
-1.919689265077048970e-02
-1.943790143557071540e-02
-1.963276828898059823e-02
-1.973890370426318111e-02
-1.973534153229542648e-02
-1.962991353281690055e-02
-1.945161372181761911e-02
-1.923398555844525737e-02
-1.900476060095785888e-02
-1.878695133456193683e-02
-1.860365452829753491e-02
-1.847703999957492002e-02
-1.842100368390575671e-02
-1.843778372163537571e-02
-1.852297275104200849e-02
-1.867023441377595183e-02
-1.886883106478173810e-02
-1.909915272041345230e-02
-1.933734701452244006e-02
-1.956696204701801126e-02
-1.978243517147734373e-02
-1.998212880391968607e-02
-2.016216666301098165e-02
-2.031605715807765014e-02
-2.043651466998806787e-02
-2.051601322806886549e-02
-2.054594892563092745e-02
-2.051673814380956806e-02
-2.042230083940499083e-02
-2.026819517499505244e-02
-2.007393640566701096e-02
-1.986478602212774641e-02
-1.966399266715625899e-02
-1.949291937786582982e-02
-1.937154261990103529e-02
-1.931199817926999851e-02
-1.931138073504041694e-02
-1.935528804618721205e-02
-1.943011231272115738e-02
-1.953207454622768457e-02
-1.966555867180675224e-02
-1.983219369918000699e-02
-2.002145439761428627e-02
-2.021322708827168538e-02
-2.038737050572710097e-02
-2.052836048662162044e-02
-2.062374857680215195e-02
-2.066260310962040811e-02
-2.063814660506259335e-02
-2.055298864346515736e-02
-2.042173894650888694e-02
-2.026781129639068993e-02
-2.011406285959971285e-02
-1.997109021318024466e-02
-1.983315565333504046e-02
-1.968744774203947528e-02
-1.952883694533108158e-02
-1.936740325728332490e-02
-1.922562105196636700e-02
-1.913012285232154261e-02
-1.909922563913037108e-02
-1.913303119093480789e-02
-1.921745013016541367e-02
-1.933652087062852354e-02
-1.947997763944291430e-02
-1.964318232448506243e-02
-1.982319909674424077e-02
-2.001451402398744459e-02
-2.020515886468241679e-02
-2.037421694483822210e-02
-2.049624709160594374e-02
-2.055435035539542390e-02
-2.054842732373798192e-02
-2.048880801589256923e-02
-2.038597458266525053e-02
-2.024583934557165621e-02
-2.006972021096463735e-02
-1.985915228980964994e-02
-1.962270553671865633e-02
-1.937721243484809286e-02
-1.914377516751649896e-02
-1.894568205802986405e-02
-1.880825173323025581e-02
-1.875433881413415479e-02
-1.879536087673326292e-02
-1.892630899542345133e-02
-1.912713861017348999e-02
-1.936253357592470151e-02
-1.958062884093191708e-02
-1.972621450502798357e-02
-1.976812581757530357e-02
-1.971034725526257456e-02
-1.957584496543318675e-02
-1.938844468971393648e-02
-1.916868257061097452e-02
-1.893650039781973049e-02
-1.871071808374034917e-02
-1.850594312906738564e-02
-1.833237789872788071e-02
-1.819728198678548931e-02
-1.810529346967281600e-02
-1.805884863454044684e-02
-1.805879969548488881e-02
-1.810407540136275625e-02
-1.819069622830776084e-02
-1.831053320860841216e-02
-1.845060466777569477e-02
-1.859571654720756917e-02
-1.873516825161749069e-02
-1.886696893905951550e-02
-1.899386336632679848e-02
-1.911586156523862462e-02
-1.922711452154114362e-02
-1.931835629624083575e-02
-1.938033409616032876e-02
-1.940352698152211092e-02
-1.937443940298876066e-02
-1.927563477530574998e-02
-1.909855005312784820e-02
-1.886485980115351971e-02
-1.862854278390631280e-02
-1.844517055555428345e-02
-1.834347006391390256e-02
-1.832578114701036154e-02
-1.838116524691294981e-02
-1.849385823036728271e-02
-1.864728945236938246e-02
-1.882727218425173793e-02
-1.902425528524230927e-02
-1.923261445505776088e-02
-1.944581875231819398e-02
-1.965206014665439940e-02
-1.983680814608603654e-02
-1.998847201841314966e-02
-2.009941438388819848e-02
-2.016361706743735605e-02
-2.017533299741608097e-02
-2.013082308930244646e-02
-2.003235394019786675e-02
-1.988860739703137565e-02
-1.971029220204030888e-02
-1.950759023074286405e-02
-1.929143957971350340e-02
-1.907473577616966218e-02
-1.887113794890363239e-02
-1.869292753099339316e-02
-1.855041491862713735e-02
-1.845214207979743379e-02
-1.840285782101234308e-02
-1.839997798499687712e-02
-1.843389526375923890e-02
-1.849481403067632090e-02
-1.858172966154812353e-02
-1.870529392127860333e-02
-1.887688619119647776e-02
-1.908714204841244558e-02
-1.929825736194797428e-02
-1.946663245458405203e-02
-1.956765724609088250e-02
-1.959570685474268728e-02
-1.955300458042962333e-02
-1.944475517537707157e-02
-1.927991078517441240e-02
-1.907108962299635876e-02
-1.883238420765303775e-02
-1.857789480040392474e-02
-1.832180754928323940e-02
-1.807806860269782490e-02
-1.785907567651276798e-02
-1.767573610917085383e-02
-1.754010150405219473e-02
-1.746784894204249025e-02
-1.747464986828134795e-02
-1.756359306727039993e-02
-1.771683005260630064e-02
-1.790584507900571526e-02
-1.810673941316993593e-02
-1.830267782538752205e-02
-1.847879461392609377e-02
-1.862064742709552967e-02
-1.871726811489118555e-02
-1.876250089934012807e-02
-1.875113237237352459e-02
-1.867516170131540074e-02
-1.852809733500072886e-02
-1.831680481304074834e-02
-1.806783930693362655e-02
-1.781826255140257775e-02
-1.760157694596916830e-02
-1.744206557764003615e-02
-1.735416305909769780e-02
-1.734047755003647814e-02
-1.739204461409937785e-02
-1.749485991500284582e-02
-1.763785968056558531e-02
-1.781577563886822119e-02
-1.802398805482467378e-02
-1.824848084997011260e-02
-1.846289310521325583e-02
-1.863827704181790848e-02
-1.875241895405252088e-02
-1.878950708098279382e-02
-1.873893339046158249e-02
-1.860131851636989686e-02
-1.839431903251913594e-02
-1.814653070403345406e-02
-1.788476708715841176e-02
-1.762829801531801133e-02
-1.739079549612483622e-02
-1.718314763634847669e-02
-1.701480908787535162e-02
-1.689537249301677549e-02
-1.683661381719536373e-02
-1.685128540062510311e-02
-1.694424167190337893e-02
-1.710212537267181282e-02
-1.729870486157104870e-02
-1.751270199573643285e-02
-1.773374341552345218e-02
-1.795438548555024910e-02
-1.816512858326072358e-02
-1.835599539343014952e-02
-1.851781194112783746e-02
-1.864169524848768508e-02
-1.871871186329659986e-02
-1.874049695471600996e-02
-1.870162236066899922e-02
-1.860294979806616580e-02
-1.845212073672360467e-02
-1.826046011885529979e-02
-1.804161154752250210e-02
-1.781519833269561495e-02
-1.761093990226772141e-02
-1.746183306095121582e-02
-1.738476869772788772e-02
-1.737083567356260960e-02
-1.739774198558142332e-02
-1.744678223459528166e-02
-1.750928189176855984e-02
-1.758338501134810647e-02
-1.766804788132855103e-02
-1.776025942340232755e-02
-1.785622131302331064e-02
-1.795259864525339602e-02
-1.804516053900583061e-02
-1.812686497822593029e-02
-1.818883605502429404e-02
-1.822375137101572146e-02
-1.822852009766247339e-02
-1.820484449059113150e-02
-1.815845136093753587e-02
-1.809729944429837312e-02
-1.802723802969702013e-02
-1.794742658248987821e-02
-1.785145528373226556e-02
-1.773377399271674343e-02
-1.759502966695254689e-02
-1.744227579468910633e-02
-1.728558933363845765e-02
-1.713475877109673501e-02
-1.699835505651570502e-02
-1.688448223197459852e-02
-1.680025106389675463e-02
-1.674912536521943815e-02
-1.672965660767479490e-02
-1.673906201419707654e-02
-1.677933886167691166e-02
-1.685892321992737281e-02
-1.698451670464728308e-02
-1.714698548351524521e-02
-1.731640067234759689e-02
-1.745409385920517961e-02
-1.752789461741293547e-02
-1.751861358675685723e-02
-1.742305586603884807e-02
-1.725587822246084022e-02
-1.704207946969981541e-02
-1.680299439096779798e-02
-1.655108236314814865e-02
-1.629526256991526215e-02
-1.604620341983054380e-02
-1.581674518406508967e-02
-1.561893551406666469e-02
-1.546106131585122875e-02
-1.534811694152816292e-02
-1.528456304778789271e-02
-1.527510184005234292e-02
-1.532236914115541783e-02
-1.542477404269642673e-02
-1.557697552762297988e-02
-1.576975116958569817e-02
-1.598400827690085388e-02
-1.618408813851303016e-02
-1.632861065509843071e-02
-1.639757177722700118e-02
-1.640104129573017461e-02
-1.635972259046085744e-02
-1.628404712622058895e-02
-1.616774028123161080e-02
-1.599621427952979333e-02
-1.576541847150792625e-02
-1.549855144999559564e-02
-1.524445632708235597e-02
-1.505703582746012632e-02
-1.497102897113584963e-02
-1.498979487078618000e-02
-1.509236257831845195e-02
-1.525116910762840464e-02
-1.544372698493414776e-02
-1.565230141515640966e-02
-1.585755157485261094e-02
-1.603636424799490673e-02
-1.616925026952512751e-02
-1.624772420042613907e-02
-1.627119718375308680e-02
-1.623919616884280173e-02
-1.614892113467368551e-02
-1.599965035200250768e-02
-1.579804901346585147e-02
-1.555757207038774639e-02
-1.529338568513951592e-02
-1.501946537443909005e-02
-1.474940706854735266e-02
-1.449789756260133795e-02
-1.428052104143758688e-02
-1.411277265974200494e-02
-1.401016370537696946e-02
-1.398718315167891621e-02
-1.405028053441726224e-02
-1.418808138942023733e-02
-1.437227707467025536e-02
-1.457089803757567574e-02
-1.475702547590621375e-02
-1.490580129025066008e-02
-1.499093432833632430e-02
-1.499149182003974186e-02
-1.490406236090843946e-02
-1.474400049435185302e-02
-1.453389507103843535e-02
-1.429412156627268837e-02
-1.404247790087994815e-02
-1.379692106245583062e-02
-1.357467303395635747e-02
-1.338918146153195154e-02
-1.325011438511857279e-02
-1.316590829842543761e-02
-1.314419514646609013e-02
-1.318720710779596600e-02
-1.328608837502749142e-02
-1.342182352305164132e-02
-1.357097645294987227e-02
-1.370845651977734177e-02
-1.380899303624472108e-02
-1.385437365998450771e-02
-1.384294347957754426e-02
-1.378897195636195026e-02
-1.371111216250673996e-02
-1.362169817840558524e-02
-1.352426330151510273e-02
-1.341810177213658729e-02
-1.330394543762880057e-02
-1.318522600182983964e-02
-1.306495740413424547e-02
-1.294302596458891258e-02
-1.281774432327618257e-02
-1.269042621110870808e-02
-1.256787882597413045e-02
-1.246017225409374977e-02
-1.237667922113898887e-02
-1.232375395741377652e-02
-1.230388803157727966e-02
-1.231615888401659496e-02
-1.235930532926004209e-02
-1.243483935371969898e-02
-1.254497415621418435e-02
-1.268731153774461072e-02
-1.285296870332549787e-02
-1.302834669120126777e-02
-1.319733573310103575e-02
-1.334396512047475447e-02
-1.345424142614998902e-02
-1.351569676734740329e-02
-1.351745376761627482e-02
-1.345318758266309152e-02
-1.332396930691457336e-02
-1.313718178537241245e-02
-1.290409685580573389e-02
-1.264145718711220598e-02
-1.237435756031055739e-02
-1.213022173601215059e-02
-1.192568845136070949e-02
-1.176356006148267241e-02
-1.164264736512835192e-02
-1.156637997639280158e-02
-1.154359022916556787e-02
-1.158286880741258781e-02
-1.168313291925064147e-02
-1.182991941074790394e-02
-1.200301906170236042e-02
-1.218521760548580898e-02
-1.236406200723094012e-02
-1.253022581986971626e-02
-1.267615179302800446e-02
-1.279423901442528107e-02
-1.287434732773569228e-02
-1.290347372158592854e-02
-1.287085775449575524e-02
-1.277651645505828611e-02
-1.263401832277693745e-02
-1.246324958835370866e-02
-1.228007758821198468e-02
-1.208896070113230602e-02
-1.188292535781003238e-02
-1.165422004614558374e-02
-1.140752849698558474e-02
-1.116154335302602975e-02
-1.093879599197514034e-02
-1.075704674669722069e-02
-1.062762172157515062e-02
-1.055614881839287908e-02
-1.054318093604943683e-02
-1.058572832425945867e-02
-1.067914809243701926e-02
-1.081668575504657684e-02
-1.098533280717346565e-02
-1.116172770073871855e-02
-1.131493378991506836e-02
-1.141499792229104873e-02
-1.143870473857279586e-02
-1.137251730401470269e-02
-1.121921034821107485e-02
-1.100256023864832830e-02
-1.075764018720600131e-02
-1.051426712183919053e-02
-1.029095535456544044e-02
-1.009794983450639123e-02
-9.940866447434703462e-03
-9.823665542095124520e-03
-9.749947392264077251e-03
-9.721690967288344754e-03
-9.737291300335484262e-03
-9.789358175998049208e-03
-9.861735600384547579e-03
-9.929650604570249700e-03
-9.968732301975289506e-03
-9.967249858065177145e-03
-9.928609568246399286e-03
-9.864679423188270346e-03
-9.790074483781848955e-03
-9.720548101113102996e-03
-9.671759366830304239e-03
-9.655113979011168898e-03
-9.671513567912121481e-03
-9.708161829403543983e-03
-9.741764724776540846e-03
-9.747397664144294774e-03
-9.711494554266156612e-03
-9.639408545007301793e-03
-9.548772187204039238e-03
-9.457391199577960816e-03
-9.377077896452439346e-03
-9.314217006339626376e-03
-9.272497806445508667e-03
-9.253716829734894012e-03
-9.256082802168158832e-03
-9.272930028236333819e-03
-9.294616742339141882e-03
-9.312952711380492049e-03
-9.324113543631584386e-03
-9.325913345751857611e-03
-9.310420814000677434e-03
-9.258932085376004109e-03
-9.147835810819411606e-03
-8.968681601519978841e-03
-8.746865805554464648e-03
-8.532039466941485420e-03
-8.368290795025941364e-03
-8.278043236872218574e-03
-8.264945322771020952e-03
-8.321041389934618823e-03
-8.432531708055112860e-03
-8.584384426307222621e-03
-8.762162209367652110e-03
-8.950660999974064530e-03
-9.132784362999211980e-03
-9.292722115772391461e-03
-9.421449430876869049e-03
-9.516470777267830791e-03
-9.574338474398083262e-03
-9.584209201641527912e-03
-9.529677530234629060e-03
-9.399931656786457077e-03
-9.201289692812973306e-03
-8.954879183599192063e-03
-8.683828156375396345e-03
-8.405828847975527207e-03
-8.133699199497653951e-03
-7.877668497135750098e-03
-7.646477722220052474e-03
-7.447424798715990280e-03
-7.286624852688498161e-03
-7.170778085483045169e-03
-7.108198909254508091e-03
-7.103375683806499585e-03
-7.147694641995926482e-03
-7.218983862318602805e-03
-7.290349169005404945e-03
-7.336817461240329602e-03
-7.339031747249991251e-03
-7.289521442513334330e-03
-7.196723254724931608e-03
-7.078868660054542586e-03
-6.952902971817741251e-03
-6.828865543162157548e-03
-6.712071238217509096e-03
-6.608332378841237642e-03
-6.525770020173997203e-03
-6.471678521678123248e-03
-6.448981102503614435e-03
-6.455139567777497256e-03
-6.482459567930020164e-03
-6.519578821744224581e-03
-6.554885548167390698e-03
-6.580100428525114883e-03
-6.591309369063227085e-03
-6.588521688267785607e-03
-6.576733307809917717e-03
-6.567709940575796636e-03
-6.578123889850735588e-03
-6.621438842644855258e-03
-6.697341806648096293e-03
-6.787364820533560092e-03
-6.857971091685873335e-03
-6.868192562530467046e-03
-6.788554997856199175e-03
-6.621659534305903566e-03
-6.397886739264094583e-03
-6.153613400430399394e-03
-5.918030857673587004e-03
-5.711772058666294422e-03
-5.548623341904143809e-03
-5.437127855748819828e-03
-5.382315043178259074e-03
-5.386247874093356980e-03
-5.445971400966834360e-03
-5.551265497002871689e-03
-5.686653446553851035e-03
-5.835597565201619541e-03
-5.980009662043352103e-03
-6.095507978393715880e-03
-6.151898993478985972e-03
-6.127221537959068320e-03
-6.024508428018147434e-03
-5.868340816249193771e-03
-5.685417980673230891e-03
-5.491296230277296908e-03
-5.290234665861951076e-03
-5.084392198410558894e-03
-4.884220629139763604e-03
-4.709895211231787671e-03
-4.582964061883390040e-03
-4.517238600348048860e-03
-4.514978109763397376e-03
-4.568749529259320818e-03
-4.667295084561528043e-03
-4.800475831178530745e-03
-4.959081535080436288e-03
-5.131308669811572749e-03
-5.299690691745355571e-03
-5.442695580816834730e-03
-5.544000083323986916e-03
-5.600912154822872829e-03
-5.620947797285588514e-03
-5.611804276990798104e-03
-5.576251035884465489e-03
-5.514440923000580273e-03
-5.428435082092084550e-03
-5.323349254468802590e-03
-5.204388297915744054e-03
-5.073698037303609604e-03
-4.930870824738041273e-03
-4.776529595275685360e-03
-4.614336084644951770e-03
-4.448102680543644660e-03
-4.276348301147836831e-03
-4.091010240940381321e-03
-3.885669392921039904e-03
-3.668939558902354920e-03
-3.467775280846401020e-03
-3.313864591540597454e-03
-3.228332765582812847e-03
-3.217335086217488864e-03
-3.273679934963963714e-03
-3.380523149575350664e-03
-3.519157506229075340e-03
-3.676244137483341071e-03
-3.842984729840843387e-03
-4.009091820923024220e-03
-4.159054439700553447e-03
-4.273861297350569841e-03
-4.337872396768100575e-03
-4.344850380925209705e-03
-4.296241485390476199e-03
-4.195245427618262204e-03
-4.044880298871281719e-03
-3.850939597154918233e-03
-3.623893772903545411e-03
-3.376138039557892868e-03
-3.118344540228920950e-03
-2.860974059396447465e-03
-2.621793911630061237e-03
-2.429633340325434987e-03
-2.313176038123455035e-03
-2.284758635968123230e-03
-2.338093306565570094e-03
-2.455578513062253634e-03
-2.611437022469683105e-03
-2.772675416484397803e-03
-2.907295326279689743e-03
-2.995926597338937746e-03
-3.033913681423031344e-03
-3.023953864930637760e-03
-2.970006762076139034e-03
-2.876588082745255327e-03
-2.749062409700393436e-03
-2.591055176331544078e-03
-2.401637908684845120e-03
-2.179375062782379878e-03
-1.935446657351173449e-03
-1.701941957333697993e-03
-1.517411185605776385e-03
-1.403905198709825067e-03
-1.364222089571716584e-03
-1.393826242891146785e-03
-1.486491569673754291e-03
-1.628490133612253872e-03
-1.790107591004848342e-03
-1.927591301944141982e-03
-1.998431163705627345e-03
-1.978888110761285821e-03
-1.872393048047945154e-03
-1.704096917669504618e-03
-1.505657273104889487e-03
-1.302015198580669603e-03
-1.106600914049155277e-03
-9.235635404504574653e-04
-7.551306399847870776e-04
-6.082882736889571457e-04
-4.935795239901965680e-04
-4.195676625845879207e-04
-3.906233505378583874e-04
-4.071326878161928269e-04
-4.655028455686702205e-04
-5.581559714260631369e-04
-6.740530952384121872e-04
-8.007220684503834045e-04
-9.262187924132082124e-04
-1.038700001265007670e-03
-1.125799309905542661e-03
-1.177043604785402977e-03
-1.187480444104087145e-03
-1.157247070641668433e-03
-1.086420259769703195e-03
-9.712904906419067477e-04
-8.076858863137493247e-04
-5.991590081248298434e-04
-3.606881251644000709e-04
-1.134760490184860433e-04
1.212757450566791196e-04
3.221587493439234066e-04
4.652868930913219014e-04
5.304509273889394241e-04
5.140540768608951525e-04
4.310871084995105112e-04
3.028340878208951766e-04
1.471655504900485018e-04
-2.230842599303302105e-05
-1.953184355683596895e-04
-3.659071065511069728e-04
-5.319595196966801472e-04
-6.910982880347348598e-04
-8.370512073710180412e-04
-9.604014936741545570e-04
-1.051488605302267672e-03
-1.101862349946899911e-03
-1.103855287009139919e-03
-1.049837030530734053e-03
-9.343746703064664426e-04
-7.618610279315635994e-04
-5.517720294842580952e-04
-3.283132231475104513e-04
-1.040891564477960420e-04
1.205093849084337742e-04
3.456904744489001490e-04
5.652102366602765717e-04
7.685444039287399765e-04
9.469455794805699007e-04
1.097108009033174233e-03
1.219166084134605359e-03
1.311874421468511550e-03
1.370400287630418098e-03
1.388103694763270259e-03
1.359262249436753991e-03
1.279920318280128094e-03
1.148875287589072505e-03
9.740076241596542323e-04
7.810754368709090217e-04
6.082334029365391850e-04
4.827395475581930558e-04
4.083422711824344874e-04
3.774766783329357904e-04
3.879502026586420082e-04
4.483624051534069728e-04
5.726293912482749437e-04
7.675432173216895949e-04
1.020762110225295616e-03
1.298492557012252777e-03
1.553189143953998853e-03
1.737402729815105571e-03
1.821717676732865100e-03
1.806026937488183293e-03
1.712474780313583567e-03
1.569211211647044335e-03
1.402137304606379531e-03
1.236059020174976562e-03
1.094635743343937021e-03
9.943578048854520915e-04
9.409299065645437745e-04
9.337430660157270725e-04
9.718568640655072957e-04
1.055824760274123300e-03
1.186441482353115667e-03
1.362701528999583737e-03
1.580571058813967601e-03
1.832698809874229104e-03
2.107103521185778056e-03
2.384330530227184684e-03
2.637357224909164972e-03
2.837866631082932960e-03
2.963275973370916010e-03
2.998189171255758335e-03
2.936455935678611989e-03
2.791422696723366501e-03
2.602274952867325315e-03
2.417225811212150247e-03
2.267865558821637820e-03
2.164602917649278892e-03
2.109028822688653517e-03
2.102555445962071834e-03
2.145951501873214536e-03
2.236105418682817533e-03
2.366240182208401936e-03
2.529942760003140584e-03
2.724956924680217545e-03
2.952542054008310685e-03
3.211527980155801619e-03
3.492529356536697160e-03
3.778487548421957665e-03
4.049029681146663374e-03
4.282684379072225142e-03
4.458114840544794358e-03
4.559112232917111526e-03
4.580827746500811676e-03
4.529419450144928083e-03
4.416186481165340974e-03
4.255225472363462214e-03
4.066892407190854722e-03
3.877892165274038783e-03
3.710971808077260462e-03
3.575584509585644655e-03
3.472556380227300506e-03
3.405344907006252909e-03
3.385131093077109379e-03
3.427168909462889948e-03
3.541866764923586996e-03
3.727541318137326393e-03
3.970633474154567494e-03
4.249800596024829076e-03
4.538134767047513271e-03
4.805774246475048340e-03
5.026685689524431830e-03
5.185041292410924943e-03
5.275113986804356656e-03
5.297816757794383997e-03
5.259855262371835975e-03
5.174434388446936400e-03
5.058858131108987660e-03
4.928844487247762036e-03
4.792478798648687303e-03
4.647939977911158538e-03
4.491281413625398435e-03
4.330967879614080161e-03
4.190636969917583936e-03
4.093476100901714473e-03
4.049674499981953044e-03
4.059658031197570412e-03
4.121673609172388925e-03
4.234691315907943530e-03
4.397664261806469646e-03
4.607368174342371843e-03
4.854706606392793049e-03
5.120168627860226945e-03
5.375581182120204270e-03
5.598984397144473116e-03
5.789756782776139116e-03
5.964015333140032515e-03
6.135764409650454332e-03
6.304132427265392823e-03
6.455028210249551951e-03
6.570360271739216114e-03
6.637009295045277410e-03
6.651403030588408719e-03
6.616795745885682180e-03
6.537164172664028730e-03
6.415069381245318107e-03
6.255277691671047753e-03
6.069196912784320143e-03
5.875057472671426674e-03
5.695694935365604693e-03
5.558115803207198426e-03
5.491858040342619506e-03
5.519547088765083473e-03
5.644495249212847648e-03
5.849747706486382176e-03
6.107990955554628253e-03
6.387937245134671892e-03
6.654313225138801940e-03
6.872027286563793698e-03
7.017934373854602635e-03
7.087085134592081316e-03
7.085519644636322813e-03
7.020634598861211044e-03
6.900520746174647509e-03
6.739655834948554518e-03
6.560050344853213256e-03
6.384546875077959371e-03
6.231028460404546519e-03
6.112938141434601062e-03
6.042106833312140858e-03
6.028913895230697192e-03
6.079267558692599306e-03
6.192425887516474908e-03
6.361995595005070017e-03
6.577219547151532016e-03
6.822896670711350343e-03
7.081354708806143761e-03
7.337994457825654585e-03
7.584094131657364256e-03
7.812289457755331075e-03
8.010025170583709095e-03
8.158036364600435367e-03
8.236686320301564793e-03
8.236970030153639710e-03
8.165190969371273477e-03
8.036674988445277612e-03
7.868494273263897804e-03
7.678934767565196405e-03
7.489375411817386120e-03
7.321404928313889407e-03
7.191140742867530022e-03
7.107981632989772772e-03
7.077485165779311832e-03
7.102808150212937960e-03
7.183414143485956568e-03
7.314677786676541081e-03
7.490828369937786724e-03
7.708623433954455220e-03
7.964850913083172321e-03
8.239884873313434860e-03
8.479057716024531247e-03
8.613089456264459362e-03
