1.669026684077348932e+01
1.675795809052528540e+01
1.682553524745489071e+01
1.689299837730189680e+01
1.696034796157657709e+01
1.702758479043598783e+01
1.709470983793108090e+01
1.716172412782244905e+01
1.722862860212951119e+01
1.729542404304208603e+01
1.736211109981849177e+01
1.742869039306487267e+01
1.749516258837532590e+01
1.756152834291992093e+01
1.762778811312198002e+01
1.769394189243914894e+01
1.775998900189343388e+01
1.782592804616642823e+01
1.789175704098841990e+01
1.795747362757450460e+01
1.802307530491308896e+01
1.808855965842302282e+01
1.815392457910682111e+01
1.821916846770784559e+01
1.828429041489771834e+01
1.834929031307214231e+01
1.841416881645364967e+01
1.847892714341822185e+01
1.854356686408643995e+01
1.860808978552582715e+01
1.867249788201348792e+01
1.873679319957041400e+01
1.880097775297140927e+01
1.886505342503995664e+01
1.892902184088380579e+01
1.899288423550929750e+01
1.905664136068291725e+01
1.912029343597793130e+01
1.918384012340647615e+01
1.924728051947908014e+01
1.931061317150267698e+01
1.937383612241838193e+01
1.943694699733841347e+01
1.949994317880691952e+01
1.956282211565452656e+01
1.962558169155584409e+01
1.968822046417792748e+01
1.975073769530235523e+01
1.981313329134643908e+01
1.987540778546714293e+01
1.993756234056322896e+01
1.999959862807514810e+01
2.006151851143292930e+01
2.012332367418297352e+01
2.018501537278401514e+01
2.024659433789460650e+01
2.030806075589201498e+01
2.036941428685272371e+01
2.043065410777911950e+01
2.049177896844460989e+01
2.055278723808025632e+01
2.061367692999927570e+01
2.067444572210060727e+01
2.073509101534628840e+01
2.079561004704513749e+01
2.085600002842742384e+01
2.091625827491169076e+01
2.097638233039532807e+01
2.103637010051759404e+01
2.109621998910985496e+01
2.115593100374568536e+01
2.121550280786523501e+01
2.127493573258040982e+01
2.133423075110917111e+01
2.139338936419840209e+01
2.145241334939819566e+01
2.151130445066947416e+01
2.157006416284770012e+01
2.162869365527384602e+01
2.168719375018304518e+01
2.174556488008913391e+01
2.180380702389814473e+01
2.186191965852467689e+01
2.191990174103466060e+01
2.197775170881124751e+01
2.203546750788571984e+01
2.209304670529711601e+01
2.215048671369841671e+01
2.220778505212343035e+01
2.226493954020244104e+01
2.232194841461684831e+01
2.237881042003746757e+01
2.243552490397853916e+01
2.249209188622490885e+01
2.254851204269988330e+01
2.260478658578422184e+01
2.266091707115322507e+01
2.271690513621221541e+01
2.277275214698715189e+01
2.282845880822993223e+01
2.288402491573880582e+01
2.293944938522941968e+01
2.299473049389649759e+01
2.304986618332823767e+01
2.310485433436980074e+01
2.315969298774510676e+01
2.321438051256941648e+01
2.326891574105850324e+01
2.332329806358171709e+01
2.337752744438692432e+01
2.343160435461883750e+01
2.348552966944085441e+01
2.353930456737975518e+01
2.359293044728690703e+01
2.364640886106889184e+01
2.369974143982122428e+01
2.375292979175997843e+01
2.380597537290949361e+01
2.385887934873779059e+01
2.391164246229684309e+01
2.396426491249345148e+01
2.401674625614268876e+01
2.406908538117981422e+01
2.412128059535926639e+01
2.417332980269138076e+01
2.422523068161992299e+01
2.427698080381052392e+01
2.432857771111461886e+01
2.438001905019105209e+01
2.443130283720926954e+01
2.448242774055531612e+01
2.453339319224022219e+01
2.458419931787233281e+01
2.463484681141921584e+01
2.468533683397825840e+01
2.473567093839836772e+01
2.478585099268573089e+01
2.483587907151526863e+01
2.488575727458697884e+01
2.493548742219925529e+01
2.498507065130277383e+01
2.503450709867010460e+01
2.508379587534775368e+01
2.513293529609027388e+01
2.518192316340604719e+01
2.523075699105871905e+01
2.527943417784169355e+01
2.532795216912342084e+01
2.537630860413669964e+01
2.542450142923157230e+01
2.547252898424194001e+01
2.552039008971485501e+01
2.556808415143487068e+01
2.561561124251737809e+01
2.566297206906106254e+01
2.571016779668236296e+01
2.575719984288198106e+01
2.580406973489894895e+01
2.585077904643971181e+01
2.589732938884523250e+01
2.594372242818343466e+01
2.598995988648677269e+01
2.603604348740170948e+01
2.608197484582986547e+01
2.612775533503390335e+01
2.617338596545244300e+01
2.621886729906035285e+01
2.626419939985778385e+01
2.630938179181108083e+01
2.635441340482199735e+01
2.639929255013619169e+01
2.644401701499656809e+01
2.648858429713290263e+01
2.653299186778070862e+01
2.657723735988306402e+01
2.662131869775549120e+01
2.666523422872673876e+01
2.670898286636753838e+01
2.675256420050746442e+01
2.679597853197804724e+01
2.683922683123422104e+01
2.688231063372519358e+01
2.692523186754353048e+01
2.696799262096289951e+01
2.701059489869538055e+01
2.705304041014899141e+01
2.709533037661875454e+01
2.713746532762770514e+01
2.717944493398407602e+01
2.722126800705170169e+01
2.726293269542680875e+01
2.730443673213234845e+01
2.734577761631426540e+01
2.738695273886735748e+01
2.742795947334913009e+01
2.746879524323865596e+01
2.750945760456307809e+01
2.754994437259811590e+01
2.759025377857879491e+01
2.763038462153767583e+01
2.767033637313870642e+01
2.771010919471757106e+01
2.774970386588442750e+01
2.778912167394272004e+01
2.782836430712950104e+01
2.786743374223243563e+01
2.790633207349896594e+01
2.794506126319118167e+01
2.798362291413145897e+01
2.802201819375223479e+01
2.806024789630403760e+01
2.809831252445534844e+01
2.813621231282284896e+01
2.817394719926447522e+01
2.821151678382532779e+01
2.824892029635542912e+01
2.828615656617257912e+01
2.832322399468430518e+01
2.836012056937088133e+01
2.839684396295475821e+01
2.843339170150923678e+01
2.846976133560042044e+01
2.850595057360718343e+01
2.854195738538187754e+01
2.857778010933898472e+01
2.861341758011826641e+01
2.864886923924217044e+01
2.868413517355464393e+01
2.871921607490778428e+01
2.875411314339707403e+01
2.878882793655790806e+01
2.882336216408397078e+01
2.885771746788346093e+01
2.889189524313414736e+01
2.892589650793114586e+01
2.895972179409186964e+01
2.899337106912476614e+01
2.902684374900442066e+01
2.906013883151816657e+01
2.909325509351185346e+01
2.912619125861256109e+01
2.915894607737040900e+01
2.919151832536793023e+01
2.922390677420087712e+01
2.925611018521200180e+01
2.928812732836161103e+01
2.931995700175596653e+01
2.935159805286235368e+01
2.938304943758778975e+01
2.941431033055413380e+01
2.944538024018826761e+01
2.947625908460833699e+01
2.950694722919011426e+01
2.953744548845926943e+01
2.956775508561769072e+01
2.959787757274082765e+01
2.962781471403240019e+01
2.965756833388027047e+01
2.968714014077864505e+01
2.971653154413333908e+01
2.974574349537326867e+01
2.977477640189392716e+01
2.980363013347094636e+01
2.983230406924467104e+01
2.986079710518470876e+01
2.988910761242992109e+01
2.991723346291750119e+01
2.994517226705470847e+01
2.997292177390053425e+01
3.000048020147067618e+01
3.002784638331719336e+01
3.005501981285377511e+01
3.008200067483509699e+01
3.010878985578438716e+01
3.013538886709577369e+01
3.016179965177444089e+01
3.018802432341960795e+01
3.021406491067971345e+01
3.023992315795136676e+01
3.026560040956778153e+01
3.029109756963875455e+01
3.031641508164036125e+01
3.034155286197701074e+01
3.036651018481486730e+01
3.039128561855652677e+01
3.041587713727656705e+01
3.044028238364163386e+01
3.046449893162170497e+01
3.048852446835483221e+01
3.051235690739210327e+01
3.053599445040281068e+01
3.055943562458991991e+01
3.058267932955062562e+01
3.060572489212696112e+01
3.062857210393235619e+01
3.065122122665186666e+01
3.067367296385996056e+01
3.069592840687109359e+01
3.071798897134089046e+01
3.073985633527961525e+01
3.076153236509696143e+01
3.078301900487017662e+01
3.080431811800574238e+01
3.082543130075452709e+01
3.084635971218721195e+01
3.086710393782757578e+01
3.088766384726286773e+01
3.090803843468634682e+01
3.092822578857498428e+01
3.094822343249491681e+01
3.096802900440798823e+01
3.098764085135008983e+01
3.100705824126730903e+01
3.102628128659413775e+01
3.104531077001463046e+01
3.106414795153026276e+01
3.108279436909357685e+01
3.110125164613503657e+01
3.111952133372669138e+01
3.113760482377800898e+01
3.115550334876309790e+01
3.117321803401664937e+01
3.119074994954775448e+01
3.120810013849994036e+01
3.122526962615866708e+01
3.124225939890042625e+01
3.125907032119830475e+01
3.127570299415639710e+01
3.129215762495784148e+01
3.130843396765899200e+01
3.132453132904836224e+01
3.134044861433567064e+01
3.135618441072895024e+01
3.137173711324010128e+01
3.138710507686365148e+01
3.140228677049127981e+01
3.141728093746094430e+01
3.143208678875934936e+01
3.144670420742937367e+01
3.146113385635090509e+01
3.147537707920987415e+01
3.148943561042723971e+01
3.150331120808632690e+01
3.151700530293309299e+01
3.153051872888097762e+01
3.154385160747152028e+01
3.155700339805175503e+01
3.156997302521775950e+01
3.158275899197323611e+01
3.159535944577603317e+01
3.160777221331932552e+01
3.161999488202881281e+01
3.163202501945617939e+01
3.164386051279225498e+01
3.165549990756754539e+01
3.166694264404372205e+01
3.167818913945455250e+01
3.168924068768957270e+01
3.170009920812696080e+01
3.171076694152003128e+01
3.172124616621341175e+01
3.173153893326242780e+01
3.174164681273256861e+01
3.175157071721976010e+01
3.176131088516483203e+01
3.177086699437626294e+01
3.178023828761511638e+01
3.178942361996554666e+01
3.179842141856589777e+01
3.180722964337014247e+01
3.181584589924787920e+01
3.182426777611126312e+01
3.183249332529175746e+01
3.184052148543520744e+01
3.184835229216333374e+01
3.185598679975613123e+01
3.186342679121171173e+01
3.187067444281170836e+01
3.187773204680569705e+01
3.188460178128633871e+01
3.189128547922169687e+01
3.189778440675705795e+01
3.190409912425558048e+01
3.191022946391688819e+01
3.191617457385068590e+01
3.192193298144034586e+01
3.192750270071935859e+01
3.193288142847116617e+01
3.193806678275282707e+01
3.194305646741401716e+01
3.194784832772349503e+01
3.195244036674493415e+01
3.195683078409974343e+01
3.196101804088296916e+01
3.196500093251949437e+01
3.196877866402374124e+01
3.197235093603872969e+01
3.197571804067228030e+01
3.197888092229743862e+01
3.198184112197084517e+01
3.198460058228019776e+01
3.198716139472932696e+01
3.198952556725178553e+01
3.199169481058046571e+01
3.199367033848294639e+01
3.199545274640363601e+01
3.199704204051697332e+01
3.199843778174984976e+01
3.199963922185959930e+01
3.200064534122388693e+01
3.200145480500145823e+01
3.200206594684203765e+01
3.200247687413863673e+01
3.200268566916435731e+01
3.200269059048501674e+01
3.200249022820081279e+01
3.200208362843083876e+01
3.200147040262977072e+01
3.200065079536265245e+01
3.199962565820909788e+01
3.199839630366607679e+01
3.199696427101009277e+01
3.199533109772551143e+01
3.199349821353879975e+01
3.199146699779555547e+01
3.198923890757489019e+01
3.198681552898477065e+01
3.198419847636207791e+01
3.198138916752886729e+01
3.197838855746713094e+01
3.197519695514900562e+01
3.197181402251896998e+01
3.196823891538763363e+01
3.196447044304758833e+01
3.196050717093115168e+01
3.195634746699147044e+01
3.195198953106082129e+01
3.194743144998993145e+01
3.194267131733039378e+01
3.193770744250140936e+01
3.193253860520150766e+01
3.192716422439805157e+01
3.192158435932135774e+01
3.191579960616450506e+01
3.190981099326182502e+01
3.190361992196569219e+01
3.189722815346744866e+01
3.189063779344630589e+01
3.188385120636979764e+01
3.187687084716894148e+01
3.186969905021640770e+01
3.186233779644329545e+01
3.185478846015285015e+01
3.184705158047426465e+01
3.183912674718690994e+01
3.183101265080960118e+01
3.182270728304619212e+01
3.181420828994702177e+01
3.180551349055944499e+01
3.179662142902681765e+01
3.178753168623601155e+01
3.177824483997265403e+01
3.176876223525964349e+01
3.175908574609973556e+01
3.174921757011411927e+01
3.173916002912452683e+01
3.172891538095409558e+01
3.171848567335237590e+01
3.170787264197166877e+01
3.169707763777109122e+01
3.168610158063581750e+01
3.167494493501419939e+01
3.166360770139562675e+01
3.165208942702303929e+01
3.164038924568816924e+01
3.162850595902121498e+01
3.161643816630758153e+01
3.160418441642847753e+01
3.159174331486685716e+01
3.157911354361584344e+01
3.156629383373116937e+01
3.155328296523084219e+01
3.154007982558529832e+01
3.152668350237679107e+01
3.151309337582732439e+01
3.149930921400803996e+01
3.148533130779472700e+01
3.147116064523365964e+01
3.145679899717206141e+01
3.144224870051245446e+01
3.142751211842500680e+01
3.141259108463200533e+01
3.139748661613836234e+01
3.138219888983325134e+01
3.136672735187567085e+01
3.135107087533578607e+01
3.133522792590137840e+01
3.131919670374512776e+01
3.130297523903602297e+01
3.128656144818236839e+01
3.126995319914119165e+01
3.125314842949854821e+01
3.123614529177444155e+01
3.121894226933015304e+01
3.120153825274202575e+01
3.118393259998322264e+01
3.116612519389444458e+01
3.114811647957477447e+01
3.112990744171570157e+01
3.111149951778266143e+01
3.109289449092759838e+01
3.107409438817022718e+01
3.105510137101705936e+01
3.103591760650613196e+01
3.101654513061571450e+01
3.099698572544998854e+01
3.097724081613507607e+01
3.095731138539936467e+01
3.093719792608544239e+01
3.091690046699167027e+01
3.089641866894526245e+01
3.087575192275854619e+01
3.085489935927521543e+01
3.083385974285267039e+01
3.081263135756821470e+01
3.079121210086327309e+01
3.076959986158471239e+01
3.074779295598160545e+01
3.072579037380603850e+01
3.070359183456192298e+01
3.068119776527200315e+01
3.065860924843033075e+01
3.063582793248080804e+01
3.061285590563505465e+01
3.058969555494722314e+01
3.056634942531139032e+01
3.054282007760006223e+01
3.051910994920270781e+01
3.049522123004858898e+01
3.047115575353337746e+01
3.044691487600312740e+01
3.042249931998345502e+01
3.039790901746509988e+01
3.037314307901607080e+01
3.034819997226651722e+01
3.032307780706617351e+01
3.029777457447169908e+01
3.027228831509896878e+01
3.024661726778009907e+01
3.022076001398696121e+01
3.019471558751267182e+01
3.016848353602938815e+01
3.014206397322238118e+01
3.011545765879836267e+01
3.008866606340099281e+01
3.006169129995549483e+01
3.003453585811692506e+01
3.000720223365284411e+01
2.997969259341930126e+01
2.995200853252998385e+01
2.992415093001007520e+01
2.989611992271466434e+01
2.986791499497311264e+01
2.983953511863241204e+01
2.981097886369490624e+01
2.978224445100100937e+01
2.975332979842656655e+01
2.972423266104362227e+01
2.969495089472962590e+01
2.966548274564521392e+01
2.963582707237126002e+01
2.960598350402649714e+01
2.957595254634782833e+01
2.954573557548399521e+01
2.951533466142983642e+01
2.948475228206863719e+01
2.945399105503656756e+01
2.942305354502434511e+01
2.939194212705715969e+01
2.936065887761361282e+01
2.932920548007918526e+01
2.929758312881983073e+01
2.926579241142230359e+01
2.923383318117076968e+01
2.920170450850251598e+01
2.916940481458053469e+01
2.913693213360993894e+01
2.910428432561938550e+01
2.907145918019467601e+01
2.903845449091511099e+01
2.900526815034971406e+01
2.897189824983038164e+01
2.893834317119164012e+01
2.890460167560041427e+01
2.887067299289055455e+01
2.883655690521114678e+01
2.880225380130813306e+01
2.876776466790713727e+01
2.873309101329877535e+01
2.869823475408922420e+01
2.866319807876420001e+01
2.862798325145584855e+01
2.859259231474847240e+01
2.855702675971048876e+01
2.852128735698552831e+01
2.848537424590383083e+01
2.844928715740227787e+01
2.841302560107837749e+01
2.837658895193555963e+01
2.833997646894263056e+01
2.830318730547088535e+01
2.826622053940490886e+01
2.822907521112579943e+01
2.819175035686023989e+01
2.815424505098928876e+01
2.811655847646855477e+01
2.807869001358726990e+01
2.804063931319227621e+01
2.800240632759630799e+01
2.796399129355543067e+01
2.792539467500094474e+01
2.788661708345201617e+01
2.784765921952278944e+01
2.780852188132773861e+01
2.776920602857985187e+01
2.772971283809203769e+01
2.769004369730755499e+01
2.765020013376512509e+01
2.761018371432935936e+01
2.756999594730588043e+01
2.752963819673183821e+01
2.748911160133547327e+01
2.744841700342847091e+01
2.740755491426781632e+01
2.736652552854108578e+01
2.732532875219421342e+01
2.728396418245872468e+01
2.724243102349103651e+01
2.720072801935630125e+01
2.715885354536673191e+01
2.711680590737043772e+01
2.707458372843555239e+01
2.703218627055449019e+01
2.698961362653756169e+01
2.694686675196197356e+01
2.690394731860416044e+01
2.686085746445165157e+01
2.681759958035523184e+01
2.677417618543518074e+01
2.673058983788942911e+01
2.668684302830947885e+01
2.664293805127768877e+01
2.659887688489076041e+01
2.655466110789067358e+01
2.651029184972117037e+01
2.646576974592118958e+01
2.642109489110280762e+01
2.637626681259301265e+01
2.633128448634279195e+01
2.628614639033729361e+01
2.624085059682009913e+01
2.619539496322013861e+01
2.614977748873879193e+01
2.610399672815089289e+01
2.605805199184522181e+01
2.601194324512659506e+01
2.596567090118206167e+01
2.591923571676626636e+01
2.587263885494765958e+01
2.582588203098625712e+01
2.577896755284013963e+01
2.573189808917952348e+01
2.568467618095563409e+01
2.563730370237347245e+01
2.558978151350159891e+01
2.554210942668101580e+01
2.549428641623465097e+01
2.544631089409720914e+01
2.539818093468991833e+01
2.534989445226847593e+01
2.530144939433128570e+01
2.525284397275161652e+01
2.520407685866925007e+01
2.515514726734487994e+01
2.510605496404867409e+01
2.505680026879077715e+01
2.500738408432153292e+01
2.495780790334876897e+01
2.490807374188587175e+01
2.485818400470227019e+01
2.480814133366181906e+01
2.475794846796762272e+01
2.470760810820274145e+01
2.465712276946223369e+01
2.460649462551130995e+01
2.455572535383378963e+01
2.450481598051921495e+01
2.445376673537312584e+01
2.440257698742168913e+01
2.435124535865636020e+01
2.429977000712028357e+01
2.424814894660383047e+01
2.419638031583262006e+01
2.414446262704850810e+01
2.409239502892111062e+01
2.404017751587551288e+01
2.398781096220630715e+01
2.393529696853215682e+01
2.388263763590729738e+01
2.382983536206677400e+01
2.377689266344724217e+01
2.372381199561708698e+01
2.367059558105659178e+01
2.361724527468147983e+01
2.356376246716251899e+01
2.351014800056057297e+01
2.345640209200716342e+01
2.340252431138267397e+01
2.334851366987443555e+01
2.329436881013096539e+01
2.324008824062296696e+01
2.318567058654976876e+01
2.313111484254621075e+01
2.307642055480605237e+01
2.302158783763109895e+01
2.296661723073658123e+01
2.291150951272043912e+01
2.285626557772251033e+01
2.280088640009156720e+01
2.274537304144290317e+01
2.268972664333986344e+01
2.263394839297680505e+01
2.257803949303970370e+01
2.252200116284295817e+01
2.246583465520297906e+01
2.240954124330088959e+01
2.235312215261053836e+01
2.229657846019764733e+01
2.223991100099254581e+01
2.218312030424786840e+01
2.212620656862287660e+01
2.206916967140904617e+01
2.201200918114192007e+01
2.195472434248125637e+01
2.189731405407903253e+01
2.183977689256143151e+01
2.178211120135679835e+01
2.172431522668525261e+01
2.166638727865637648e+01
2.160832589097629253e+01
2.155012996088195010e+01
2.149179887381993126e+01
2.143333261222023722e+01
2.137473181874471706e+01
2.131599778557612623e+01
2.125713238058968457e+01
2.119813793463468343e+01
2.113901707410781228e+01
2.107977247000533794e+01
2.102040656368550131e+01
2.096092140048115127e+01
2.090131860167618782e+01
2.084159937639757132e+01
2.078176448731919379e+01
2.072181416233852147e+01
2.066174800866977534e+01
2.060156502367183862e+01
2.054126373947979189e+01
2.048084242509712993e+01
2.042029925853841377e+01
2.035963245135962296e+01
2.029884034192263442e+01
2.023792147096771643e+01
2.017687465762265475e+01
2.011569910080431356e+01
2.005439450924875899e+01
1.999296120911565922e+01
1.993140014381800640e+01
1.986971273833712814e+01
1.980790070036036710e+01
1.974596586160772205e+01
1.968391013324806593e+01
1.962173557563483328e+01
1.955944447582113810e+01
1.949703930072247360e+01
1.943452251019027699e+01
1.937189633169816005e+01
1.930916258273857622e+01
1.924632255756177912e+01
1.918337697089679850e+01
1.912032595242245492e+01
1.905716907666487003e+01
1.899390540942636108e+01
1.893053357533030123e+01
1.886705188790616816e+01
1.880345858320502828e+01
1.873975212916598920e+01
1.867593152514772825e+01
1.861199653408208121e+01
1.854794781784339364e+01
1.848378690950122305e+01
1.841951597555666709e+01
1.835513746521024103e+01
1.829065381219259478e+01
1.822606724962140134e+01
1.816137970755186615e+01
1.809659275681785573e+01
1.803170756942842345e+01
1.796672488256506739e+01
1.790164497879203864e+01
1.783646770210600607e+01
1.777119253183821357e+01
1.770581874421441881e+01
1.764034566008457716e+01
1.757477288863171694e+01
1.750910044468027493e+01
1.744332871463315016e+01
1.737745833779179350e+01
1.731149006020559966e+01
1.724542457713839383e+01
1.717926237647752075e+01
1.711300362467685687e+01
1.704664815774051334e+01
1.698019560918587700e+01
1.691364564298399387e+01
1.684699820280546945e+01
1.678025364768140193e+01
1.671341269847188471e+01
1.664647626154049576e+01
1.657944525069710906e+01
1.651232046907475848e+01
1.644510254528234583e+01
1.637779189651186940e+01
1.631038871057309336e+01
1.624289296380629466e+01
1.617530448773921492e+01
1.610762306550471124e+01
1.603984851374309528e+01
1.597198072084604270e+01
1.590401966881553264e+01
1.583596551257688212e+01
1.576781876701737772e+01
1.569958054309976525e+01
1.563125263236613804e+01
1.556283725297445564e+01
1.549433655318810388e+01
1.542575217049380143e+01
1.535708500736713056e+01
1.528833519478723169e+01
1.521950217179343312e+01
1.515058482348255353e+01
1.508158163132741159e+01
1.501249081755017656e+01
1.494331049716294046e+01
1.487403884893207540e+01
1.480467427348005138e+01
1.473521548353371990e+01
1.466566152887961572e+01
1.459601183084076759e+01
1.452626629070990205e+01
1.445642545380373534e+01
1.438649061758099990e+01
1.431646376846133606e+01
1.424634737054983624e+01
1.417614413435677356e+01
1.410585683987522998e+01
1.403548820840169142e+01
1.396504080024318206e+01
1.389451692730744981e+01
1.382391858012373120e+01
1.375324736669148606e+01
1.368250444547838640e+01
1.361169044227619374e+01
1.354080540531716359e+01
1.346984889141171315e+01
1.339882018766763849e+01
1.332771858043187407e+01
1.325654360502149842e+01
1.318529523929364977e+01
1.311397397835137646e+01
1.304258075017655472e+01
1.297111673331513337e+01
1.289958318742399257e+01
1.282798135287742092e+01
1.275631239761846736e+01
1.268457735903572470e+01
1.261277706275278021e+01
1.254091204968461959e+01
1.246898254680543339e+01
1.239698849253056956e+01
1.232492961366002682e+01
1.225280553900126712e+01
1.218061591548702438e+01
1.210836049096849720e+01
1.203603915335627939e+01
1.196365193052717935e+01
1.189119894036500114e+01
1.181868027310341596e+01
1.174609582460293211e+01
1.167344516171402269e+01
1.160072752540704677e+01
1.152794201545186503e+01
1.145508792578576696e+01
1.138216515419404296e+01
1.130917449705234112e+01
1.123611762331529640e+01
1.116299677071085839e+01
1.108981438197241687e+01
1.101657281292539814e+01
1.094327412615779238e+01
1.086991995315676718e+01
1.079651140887718519e+01
1.072304904144717064e+01
1.064953281153841580e+01
1.057596212191565144e+01
1.050233591963791646e+01
1.042865285082571702e+01
1.035491142603786585e+01
1.028111020115339436e+01
1.020724802118913743e+01
1.013332432223494628e+01
1.005933935106537547e+01
9.985294134811525169e+00
9.911190235149511807e+00
9.837029481307691725e+00
9.762813814503568111e+00
9.688545245352786495e+00
9.614225832280020256e+00
9.539857577000963929e+00
9.465442222769794967e+00
9.390981038898006616e+00
9.316474682640215832e+00
9.241923176601327228e+00
9.167325983067145856e+00
9.092682116582118113e+00
9.017990245338779687e+00
8.943248783280090208e+00
8.868456008134701918e+00
8.793610236082395559e+00
8.718710037074281161e+00
8.643754398065334854e+00
8.568742749934839864e+00
8.493674892326371406e+00
8.418550916675133777e+00
8.343371178513537600e+00
8.268136295942710490e+00
8.192847129021062713e+00
8.117504728606871112e+00
8.042110284309700319e+00
7.966665103032156026e+00
7.891170613046363691e+00
7.815628357764619061e+00
7.740039959122027469e+00
7.664407079452630889e+00
7.588731436300222732e+00
7.513014883045404879e+00
7.437259473096657914e+00
7.361467373752321741e+00
7.285640596655177603e+00
7.209780680912118100e+00
7.133888481841403006e+00
7.057964109419825327e+00
6.982007000198898083e+00
6.906016085746474964e+00
6.829989979718989801e+00
6.753927111250130011e+00
6.677825812933971150e+00
6.601684423699603066e+00
6.525501443920838085e+00
6.449275725529100001e+00
6.373006628413394381e+00
6.296694082793878877e+00
6.220338574759510131e+00
6.143941114270864645e+00
6.067503204979230347e+00
5.991026786291624440e+00
5.914514128666289672e+00
5.837967709660559557e+00
5.761390107209426681e+00
5.684783895017700317e+00
5.608151464886857340e+00
5.531494738422611412e+00
5.454814880197984550e+00
5.378112174386997957e+00
5.301386087642945277e+00
5.224635445113761989e+00
5.147858688214354217e+00
5.071054204560781820e+00
4.994220647953945935e+00
4.917357132081137117e+00
4.840463277071513915e+00
4.763539182523241600e+00
4.686585387907348021e+00
4.609602827410627768e+00
4.532592776289810388e+00
4.455556814617229300e+00
4.378496836565561878e+00
4.301415064763266294e+00
4.224313938494397291e+00
4.147195792805955072e+00
4.070062473005656933e+00
3.992915114153371192e+00
3.915754113080189835e+00
3.838579173744579354e+00
3.761389369493272294e+00
3.684183280340628919e+00
3.606959290112075500e+00
3.529716023970502992e+00
3.452452773517293405e+00
3.375169734182976278e+00
3.297867970918178404e+00
3.220549166684203879e+00
3.143215305877498533e+00
3.065868424918807289e+00
2.988510477950975464e+00
2.911143295347739191e+00
2.833768561438103184e+00
2.756387744645730109e+00
2.679001992058116954e+00
2.601612043793878115e+00
2.524218189296133730e+00
2.446820263471511492e+00
2.369417682618433663e+00
2.292009520205641415e+00
2.214594617261896659e+00
2.137171707097467621e+00
2.059739534745114398e+00
1.982296975392748406e+00
1.904843158047283325e+00
1.827377570265770412e+00
1.749900107679816408e+00
1.672411072623156025e+00
1.594911173363898094e+00
1.517401561199733573e+00
1.439883872176705992e+00
1.362360191563597223e+00
1.284832904069236781e+00
1.207304481814386099e+00
1.129777272316986103e+00
1.052253284407079548e+00
9.747339493661038023e-01
8.972199188344019971e-01
8.197110288434688030e-01
7.422064497236205982e-01
6.647048989446505685e-01
5.872048198211854420e-01
5.097045176134603617e-01
4.322022622213796406e-01
3.546963477582333879e-01
2.771851136998901843e-01
1.996669686586666215e-01
1.221404531053693621e-01
4.460433353713534610e-02
-3.294230091715168174e-02
-1.104999539949381854e-01
-1.880686456255947769e-01
-2.656478356265566942e-01
-3.432363693742216393e-01
-4.208325217321658984e-01
-4.984341918104050473e-01
-5.760391450208756092e-01
-6.536451391229106678e-01
-7.312499281310966825e-01
-8.088512602345381275e-01
-8.864469402356129901e-01
-9.640349347926485679e-01
-1.041613459893889315e+00
-1.119181013915039768e+00
-1.196736376275348901e+00
-1.274278619891443309e+00
-1.351807159504661460e+00
-1.429321818080931950e+00
-1.506822884034707988e+00
-1.584311150785301381e+00
-1.661787928783018842e+00
-1.739254966704494754e+00
-1.816714193871601823e+00
-1.894167338704679571e+00
-1.971615656142281736e+00
-2.049059890157172159e+00
-2.126500349405278989e+00
-2.203936929151359525e+00
-2.281369025273388473e+00
-2.358795395101505044e+00
-2.436214089497448221e+00
-2.513622576272289244e+00
-2.591018078121559931e+00
-2.668398048079391405e+00
-2.745760644009924700e+00
-2.823105022763690464e+00
-2.900431341248081551e+00
-2.977740534984669285e+00
-3.055034036609140635e+00
-3.132313516860565805e+00
-3.209580636521789376e+00
-3.286836809825579575e+00
-3.364083039551320820e+00
-3.441319859977996387e+00
-3.518547342974011727e+00
-3.595765107401386551e+00
-3.672972313581158499e+00
-3.750167655346106965e+00
-3.827349370095765480e+00
-3.904515279134835648e+00
-3.981662861185807145e+00
-4.058789372201567325e+00
-4.135892039912024920e+00
-4.212968334050233743e+00
-4.290016249522131453e+00
-4.367034532234295163e+00
-4.444022833054746435e+00
-4.520981769315841170e+00
-4.597912791349968664e+00
-4.674817790634567594e+00
-4.751698617661054058e+00
-4.828556766031952385e+00
-4.905393268373674509e+00
-4.982208680427169689e+00
-5.059003066926204717e+00
-5.135775993910221437e+00
-5.212526559840051199e+00
-5.289253463368059016e+00
-5.365955067468466844e+00
-5.442629421999627404e+00
-5.519274251110248386e+00
-5.595886964941067632e+00
-5.672464753478321242e+00
-5.749004757140090405e+00
-5.825504270505048154e+00
-5.901960957026215482e+00
-5.978373062398977034e+00
-6.054739576649409649e+00
-6.131060282622377677e+00
-6.207335694400843984e+00
-6.283566944314499025e+00
-6.359755641973429796e+00
-6.435903670708288615e+00
-6.512012920521494941e+00
-6.588085060616620581e+00
-6.664121444866649924e+00
-6.740123103552877026e+00
-6.816090708790034647e+00
-6.892024462716261013e+00
-6.967923944953392734e+00
-7.043788008522875899e+00
-7.119614796679177182e+00
-7.195401878500737425e+00
-7.271146462316337100e+00
-7.346845664784265928e+00
-7.422496809509730120e+00
-7.498097687378299625e+00
-7.573646714833945026e+00
-7.649142991149721738e+00
-7.724586289297921127e+00
-7.799976988893495999e+00
-7.875315944145186542e+00
-7.950604310815566400e+00
-8.025843389041073195e+00
-8.101034542478593892e+00
-8.176179216516334947e+00
-8.251278977739939791e+00
-8.326335429284748457e+00
-8.401349974459858316e+00
-8.476323584873959760e+00
-8.551256698543060253e+00
-8.626149215631849998e+00
-8.701000515984548045e+00
-8.775809469424086018e+00
-8.850574446221006752e+00
-8.925293349336183013e+00
-8.999963705385296109e+00
-9.074582859748129948e+00
-9.149148258299142356e+00
-9.223657667006184724e+00
-9.298109178145399056e+00
-9.372501049131281903e+00
-9.446831562473068544e+00
-9.521099034490582369e+00
-9.595301956225993578e+00
-9.669439174358688049e+00
-9.743510022398430337e+00
-9.817514356407867737e+00
-9.891452522459845298e+00
-9.965325316870096373e+00
-1.003913396058653618e+01
-1.011288005152605862e+01
-1.018656545049645423e+01
-1.026019209889212291e+01
-1.033376179033843734e+01
-1.040727590062672014e+01
-1.048073509233459966e+01
-1.055413908857159022e+01
-1.062748663985608921e+01
-1.070077569366352321e+01
-1.077400366756140215e+01
-1.084716776208682987e+01
-1.092026531348000518e+01
-1.099329414460031629e+01
-1.106625279637688841e+01
-1.113914057730211482e+01
-1.121195750303089511e+01
-1.128470422241368532e+01
-1.135738193658901451e+01
-1.142999225420599352e+01
-1.150253697131952535e+01
-1.157501784296430536e+01
-1.164743640432448224e+01
-1.171979383630324456e+01
-1.179209084721367340e+01
-1.186432756898514995e+01
-1.193650349808103961e+01
-1.200861750291805485e+01
-1.208066788779911960e+01
-1.215265250048471302e+01
-1.222456888420359888e+01
-1.229641445437539637e+01
-1.236818664460261630e+01
-1.243988299388851893e+01
-1.251150122027984501e+01
-1.258303934641946498e+01
-1.265449589219543824e+01
-1.272587007110820956e+01
-1.279716188032067770e+01
-1.286837203762345361e+01
-1.293950182817634520e+01
-1.301055293378650290e+01
-1.308152725004898542e+01
-1.315242667255735043e+01
-1.322325288101643181e+01
-1.329400717806808352e+01
-1.336469039530340552e+01
-1.343530283768707001e+01
-1.350584425198923277e+01
-1.357631383214996035e+01
-1.364671026553282118e+01
-1.371703179063198341e+01
-1.378727622949680587e+01
-1.385744101985249799e+01
-1.392752341135945571e+01
-1.399752101228925305e+01
